ID	SRR6809900	SRR6809901	SRR6809902	SRR6809903	SRR6809911	SRR6809933	SRR6809935	SRR6809940	SRR6809944	SRR6809945	SRR6809899	SRR6809905	SRR6809908	SRR6809909	SRR6809912	SRR6809936	SRR6809941	SRR6809942
ABCA3	4.043789507	6.644726069	6.219062079	3.879680555	5.250701015	5.254428432	4.534768138	4.628973866	5.31182852	3.516601256	2.525222152	5.097247107	4.130290505	4.979529049	3.2285268	3.194379406	3.864258636	3.914638637
ACADL	2.597500427	2.280050212	7.599103302	2.529810324	2.479445322	3.369867742	3.309262535	3.632418793	3.583466729	3.246263013	2.634227573	2.710597741	2.761132591	2.567093495	2.475778363	3.082874935	2.825632383	2.670689247
AGL	4.94914698	4.998484893	4.848259801	6.890804542	4.332752524	4.057803272	4.631866167	4.021817523	5.418723358	5.73345817	4.394187556	3.502633517	6.05997607	6.964135346	4.760362029	4.33242515	4.463285314	5.582580101
ALG12	3.562566907	5.363790668	5.033592292	3.626426575	5.355886885	1.956114946	2.036323748	3.562316929	2.453369043	3.339831885	3.236958435	3.616550117	5.127350362	3.562622819	3.418716789	3.341081512	3.310575826	4.087893895
APC	2.959670904	0.942719724	2.177713493	0.577152336	1.800570382	1.189338293	0.979193078	1.48383932	0.99528467	1.101626211	1.48358872	0.490430194	0.554793805	1.089578617	0.739754164	2.813358878	1.283895639	0.838274822
APCDD1	5.055434173	6.506486154	5.570170226	6.197128921	6.276451336	4.551532472	4.656794845	4.663744333	5.272709178	4.5893426	2.944871434	4.37015761	6.221439371	4.928568487	5.174114339	5.255906236	4.916574572	4.981286032
B3GALT1	5.456451678	5.955549417	6.046233561	5.913201178	5.808531394	2.978533756	2.834545756	2.936636988	3.074197422	5.359694674	3.263197125	3.514795271	3.104590486	5.082919694	6.419204407	3.176383886	2.985173613	5.405995448
BTBD1	1.064060803	1.754492982	3.515440925	1.656633408	2.033876331	1.486480551	4.605983645	1.665059756	2.009427332	2.840737792	2.424350788	2.473135668	2.318655909	1.326456676	2.201942037	1.560057179	2.83154091	1.357050019
CYP7B1	4.892991644	6.475333883	4.554137762	4.81417097	4.823242034	5.305393551	9.341370473	8.161103488	4.92939206	5.491606843	5.081131131	5.039061459	4.338586623	4.94493755	4.990150752	4.910557137	5.027113599	5.022989116
DHRSX	3.995670235	3.822184783	4.572489871	4.544188731	4.566918846	5.129903118	4.681554822	3.52477539	4.924071857	3.948282554	3.897072083	4.566043257	3.196353522	3.833340682	3.627287512	4.039449656	4.384321548	4.310301149
DVL2	-0.42303027	-0.265865658	0.631497661	-0.400678862	-0.438332128	0.304238907	0.108669613	0.420052106	0.695887253	0.417813464	1.074654228	0.440056579	0.970244853	1.14782594	1.479918408	0.715176977	1.018737202	0.983902387
EPS15	0.671542246	0.426750122	0.351454073	2.048941091	0.644571971	1.848264686	2.265556348	0.768606142	0.505078813	0.61902812	0.336923144	0.585883381	0.976374225	0.641969789	1.45967252	0.616058398	1.557342632	1.485703648
ERO1A	3.611833561	4.45821963	3.54152207	7.381595635	3.509812451	4.179691157	5.710817198	3.722388652	5.550222526	4.713789409	3.5305842	4.034311347	4.141786188	4.152109166	4.337902844	4.188216253	4.09200588	4.141788582
FBXW2	4.650196449	4.519515685	4.852175678	3.292685542	4.033314808	3.827908216	3.921929408	5.2670292	4.011508773	4.191941853	3.776285883	3.925785442	3.541090802	6.407204609	4.894461486	3.910818013	5.436795464	5.499674646
GPX4	5.071340879	5.754420607	5.779409695	6.13779294	5.874441968	5.813971573	5.98983148	6.021318712	5.20607782	5.947715031	4.96008805	4.965972098	6.049727374	6.094786471	5.0346994	4.917906605	5.083357046	5.344792643
GYG2	2.491116702	0.443551529	1.183584945	1.182091358	1.284986245	0.528204747	0.046836699	0.306551933	0.507872886	0.485684708	-0.273466479	2.763861361	1.459530771	-0.416431423	-0.196797271	0.887091698	1.211816307	2.181564289
IGF1	4.290400378	3.436584937	4.295829145	4.02827819	3.930558718	3.709428068	4.394479783	4.220905616	3.418648463	3.159644993	3.41359606	4.236714116	3.250091074	3.924903303	4.216242362	3.37568528	4.085065124	3.709369834
ITSN1	2.521382183	2.366043776	2.294481575	2.496981201	3.545856689	2.392579473	2.545011087	3.54936801	1.911443146	3.269106574	2.047253212	2.513519754	2.728222266	2.319206956	1.982256339	3.16017171	3.147638525	3.037099556
LARGE1	5.36294353	4.818449328	4.197018927	4.104627265	6.095974962	3.090504859	5.038397707	4.257384887	5.283178565	3.841906329	3.220695703	4.224528057	4.933914872	3.265774232	3.517257687	3.491028078	4.006166799	4.073388622
LDLRAD4	2.136621391	1.256887941	0.970736547	1.138149945	0.69241328	0.446818732	0.792231642	2.959608174	1.478797531	0.447825706	0.325270224	0.318660536	0.201289078	2.224992842	1.247178441	0.146581355	1.304808625	0.645381154
LMO7	-1.118821929	-0.971034018	-1.143386456	-1.035666994	0.109915521	-0.209174759	-0.918368177	1.245406281	-0.208775577	0.336180314	-0.501203941	-0.910139931	-0.770846626	-1.06811974	-0.446263361	0.29905763	-0.726864555	-0.006381518
LOC782061	3.343194001	3.269121066	3.364704394	3.066065839	4.97938502	3.556914257	3.290990039	3.251557539	3.219412801	4.387200426	3.39686285	4.507341554	2.761794939	4.451682289	3.017064739	3.340582479	5.41641241	3.406449936
MAN2B1	8.479014575	5.374747917	5.344664093	8.588830899	7.129910316	5.300388376	5.146188341	5.159637648	5.875744886	10.66133084	5.291075675	5.352432074	5.319489153	5.371412573	5.370703429	5.277063362	5.400568422	5.337720405
ME2	1.641514436	0.809485016	2.823651268	3.078208982	3.175780032	1.08558916	0.697662105	2.579167225	1.0783956	1.098500997	0.891042481	0.916123099	2.229495565	0.796840209	2.738622397	0.696665355	0.837246938	0.77275489
MTRR	1.055107016	2.133791781	3.00317804	4.518839657	3.832769329	0.998854568	0.759515547	0.950943975	1.273170348	1.176824541	1.255179533	2.967643561	1.24130877	3.128191836	2.095615521	1.108876138	1.344489531	1.240794696
NAA15	5.23779105	4.986930981	5.377022331	3.216814112	3.605945362	4.340985511	4.413084593	6.691214507	4.049277093	4.645273686	3.736281753	3.653576173	3.65734633	3.304948677	3.852162888	4.399955624	4.416915808	4.361143224
NAMPT	4.3453371	4.378146624	4.288043871	7.739166524	7.001301173	4.661145698	4.37198183	8.777622295	4.610860518	5.052993697	4.580458019	4.48692587	4.257232385	4.048948192	4.553068271	4.507818171	4.737601495	4.505218786
NDUFAF1	3.901176102	2.791385927	4.547708377	3.443368814	3.366060834	3.776144586	4.613722389	3.726415165	3.874807601	3.451349905	2.861779428	3.443290491	3.433203113	3.558274651	4.979131942	5.059922793	3.595273226	3.526033587
NEDD4L	1.162363445	2.515929153	1.561043993	1.815266198	0.257067219	3.183670855	1.839739392	-0.362236456	0.744833834	1.037757006	1.398536685	0.69505929	2.162951779	-0.137895417	0.66623302	0.636199151	0.54305335	0.697655338
OSBPL5	5.142733741	5.649622409	5.061291088	4.983530245	5.011243983	4.33367084	6.884581702	5.654505946	6.727747614	4.709726037	5.037297649	4.935032187	4.979069872	5.092867706	4.998133111	3.982352489	4.586879295	3.64418957
PCBP2	3.469347501	2.607823024	2.974708434	3.194645808	3.056137675	3.320853667	3.315626216	3.352648821	3.927573742	2.636935032	3.00547744	2.742787073	2.687352345	2.739334912	2.796505151	3.348371804	2.840602246	2.706463837
PER2	2.47218723	2.958593031	3.800361961	0.678057922	2.278399906	1.185314105	-0.010103276	1.191899173	3.086514402	0.953038127	0.047211753	1.131921968	-0.003143177	-0.061406063	0.287286944	1.615702151	2.72210381	2.306623237
POMK	2.043859524	2.355302505	1.791090504	2.284938828	3.69424378	1.184848145	2.120125469	0.981921946	1.233254195	1.123335567	2.092924332	2.143133333	2.138273172	1.836379812	1.389445697	1.659842238	2.186645524	2.133691783
RHOBTB1	1.424297464	1.967553627	1.296621673	1.913238731	1.204261742	2.398679178	2.196765455	1.874590666	2.234616013	2.523713327	1.711373911	1.807348166	2.689254766	1.475404783	2.296899228	2.098600026	2.179873277	2.14023574
RREB1	4.952413827	4.783470737	4.479846055	4.555853289	4.479793189	4.018309536	3.348308242	3.068839122	3.331227427	3.143166266	4.352936309	4.506637803	4.460385686	4.509450763	4.117265616	4.368364376	3.620532154	3.53087382
SHC1	3.742888029	2.772760387	3.564045608	2.962893063	3.204543424	2.70224191	2.15835984	2.575869275	3.30246213	1.975483793	3.437701491	3.324014097	3.208989191	3.239983823	2.979468411	3.622885073	4.354063261	3.583895278
SMURF1	4.136062236	5.125323552	6.61489521	5.325360476	5.486616634	4.637127279	4.551049981	4.617674354	4.713809465	4.560386863	5.130633773	5.585500853	4.147672938	4.477103089	5.32938703	4.896382092	4.445520286	4.487319762
ST3GAL3	2.669884851	2.126613462	4.6164932	2.858698116	3.666648701	2.792311588	2.382605675	2.280675956	2.943429082	2.865844916	2.283876364	4.789949317	2.731109252	2.25469338	3.073168409	2.091996352	2.870575828	4.351241137
STAM	6.448408942	6.480491209	6.449836026	6.523307958	6.431051186	4.665753707	4.365418208	5.205037363	5.981146125	4.670736145	5.985804004	4.506046203	4.438022601	4.430486468	5.174542791	4.657004688	4.473414602	4.385357259
STK11	3.791134604	3.36312772	4.41685698	4.851366215	3.950730762	2.097223634	2.489045841	2.605657957	2.396316809	1.729641177	2.758339502	3.483804054	4.466237946	2.555951002	3.452660006	2.309078475	3.935907531	2.907708926
TAOK3	1.806824197	0.446472405	0.264257364	1.277220218	1.316324077	0.388314706	0.589519728	0.05077454	0.327539252	1.541592406	0.543826783	0.466267494	0.263030973	1.163839345	0.91520717	0.616224512	1.512287259	0.189085365
